5000
0 1 2 3 4 5 6 7 8 9 10 15 20 25 30 35
2511 2489 2132.21 2103.07 623.46 591.46 1093.10 1039.11 582.53 615.53 1024.30 1078.77
2989 2011 2474.73 2244.60 657.86 625.86 1268.21 1206.52 591.46 624.46 1094.50 1150.10
3441 1559 3089.56 2366.43 740.39 708.39 1579.15 1510.41 585.40 618.40 1153.85 1212.58
3847 1153 3712.93 2714.06 822.98 790.98 1895.36 1817.58 632.18 665.18 1324.87 1389.19
3993 1007 4359.82 3041.99 913.05 881.05 2219.59 2140.23 677.13 710.13 1489.35 1552.64
4056 944 4982.76 3287.65 1000.13 968.13 2537.10 2445.65 701.81 734.81 1615.68 1671.96
4197 803 5539.83 3627.27 1078.57 1046.57 2816.73 2723.11 757.94 790.94 1778.98 1848.29
4211 789 5884.18 3758.96 1115.12 1083.12 2990.0 2894.18 767.39 800.39 1837.62 1921.34
4234 766 6168.32 3989.12 1147.45 1115.45 3133.51 3034.81 799.67 832.67 1962.09 2027.03
4228 772 6651.11 4030.57 1211.95 1179.95 3377.08 3274.03 796.06 829.06 1985.17 2045.41
4263 737 6760.81 4294.42 1218.65 1186.65 3431.35 3329.46 834.79 867.79 2112.45 2181.97
4290 710 8281.97 4939.33 1418.89 1386.89 4195.18 4086.80 919.36 952.36 2431.21 2508.12
4287 713 9318.84 5808.01 1549.81 1517.81 4716.16 4602.68 1047.06 1080.06 2865.98 2942.02
4271 729 9833.47 6050.67 1602.75 1570.75 4975.52 4857.95 1070.51 1103.51 2988.92 3061.75
4303 697 10574.62 6388.53 1698.47 1666.47 5347.48 5227.14 1107.12 1140.12 3149.41 3239.11
4284 716 10800.23 6483.69 1712.79 1680.79 5461.91 5338.31 1116.56 1149.56 3199.40 3284.29