0.5 0.7 0.75 0.78 0.8 0.82 0.85 0.9 0.95 1.0 1.05 1.1 1.15 1.18 1.2 1.22 1.25 1.3 1.5
7.80 8.37 13.74 0 10.51
7.76 8.14 13.54 0 10.38
7.79 8.06 13.50 9.70 10.44
7.71 8.04 13.46 10.77 10.31
7.75 8.02 13.46 9.82 10.33
7.68 8.06 13.39 10.58 10.31
7.67 7.94 13.43 11.31 10.30
7.77 7.90 13.36 10.47 10.38
7.77 7.88 13.30 10.47 10.36
7.74 7.74 13.22 10.25 10.40
7.68 7.70 13.14 10.26 10.36
7.74 7.59 13.09 10.11 10.00
7.77 7.52 13.01 10.07 9.62
7.79 7.43 12.97 10.03 10.71
7.72 7.41 12.94 9.95 9.65
7.75 7.35 12.92 9.97 10.24
7.78 7.33 12.85 9.85 11.25
7.73 7.22 12.75 9.95 11.05
7.70 6.78 12.40 9.77 0