3000
0.5 0.7 0.8 0.85 0.9 0.95 1.0 1.05 1.1 1.15 1.2 1.3 1.5
0 3000 0.00 145.23 0.00 0.00 0.00 0.00 33.16 66.16 49.65 95.58
0 3000 0.00 340.53 0.00 0.00 0.00 0.00 89.28 122.28 144.32 196.21
7 2993 566.00 595.13 190.71 158.71 311.14 254.86 162.40 195.40 270.76 324.37
33 2967 991.52 839.38 310.36 278.36 516.52 475.00 232.19 265.19 392.18 447.20
158 2842 1304.87 1244.96 397.51 365.51 674.94 629.93 347.29 380.29 594.72 650.24
587 2413 1797.11 1757.11 533.97 501.97 924.49 872.62 490.50 523.50 850.44 906.67
1467 1533 2128.94 2084.66 623.60 591.60 1091.69 1037.25 577.44 610.44 1015.39 1069.26
2344 656 1877.86 1994.03 545.87 513.87 968.45 909.41 545.95 578.95 970.77 1023.26
2798 202 1499.09 1482.83 434.82 402.82 779.34 719.75 397.95 430.95 717.09 765.74
2928 72 1202.41 1182.40 348.65 316.65 631.69 570.73 310.69 343.69 562.97 619.43
2977 23 955.78 1077.26 278.37 246.37 508.17 447.61 280.78 313.78 509.57 567.70
2998 2 736.56 891.50 215.07 183.07 399.87 336.69 212.50 245.50 450.00 441.50
3000 0 534.95 0.00 155.78 123.78 300.33 234.62 0.00 0.00 0.00 0.00