        3001   100.000000000000     
     91.741000205038     39.622157717977     34.487901608046     91.741000205038     39.622157717977     34.487901608046     -1.237930824800     -1.246307999337      2.713167397712     1
     91.579976772102     39.787351644733     33.764938134858     91.579976772102     39.787351644733     33.764938134858      0.655494266691      0.541621927923     -1.729317939432     1
     90.995060745646     39.166675350717     33.525805884654     90.995060745646     39.166675350717     33.525805884654      0.570610798972      0.819672900777     -0.535796315166     1
     90.457896806550     39.007963473513     34.256280284063     90.457896806550     39.007963473513     34.256280284063      0.153930613852     -2.202626335732     -1.252555617387     1
     90.530021052572     39.663412422451     34.668507919977     90.530021052572     39.663412422451     34.668507919977     -3.381378769558      0.126846412256      0.470230593042     1
     90.852759578841     40.065685031960     35.317006134326     90.852759578841     40.065685031960     35.317006134326      0.007098200316     -0.085010597827     -0.638205056122     1
     91.081753680629     40.877480433738     35.336694541795     91.081753680629     40.877480433738     35.336694541795      0.549737470112     -0.213726901246     -1.733847136953     1
     91.861278521386     40.933728002380     35.138680153778     91.861278521386     40.933728002380     35.138680153778      0.069529147080     -0.232801097129      0.329872071646     1
     92.593660784694     40.789374734287     35.697834677051     92.593660784694     40.789374734287     35.697834677051     -1.237672850486     -1.144910524720     -0.156129049420     1
     92.957591451235     41.266377629830     36.483417765329     92.957591451235     41.266377629830     36.483417765329      0.290707872531     -0.168461854405      0.038977646437     1
     93.056664680610     40.819363380524     37.049001686640     93.056664680610     40.819363380524     37.049001686640     -0.327606584980     -1.292984205887     -1.652675521653     1
     93.849476278965     40.740730709740     37.361193474750     93.849476278965     40.740730709740     37.361193474750     -0.035940116803      1.828586444401     -0.024860825632     1
     93.678110857237     40.278938759159     37.917235933493     93.678110857237     40.278938759159     37.917235933493      1.648926804945      0.686409915589      1.261750465187     1
     93.893998391699     39.728602886005     38.413094365580     93.893998391699     39.728602886005     38.413094365580     -1.008652059304      0.414392564255      3.087257403847     1
     94.437213443749     39.320938765890     38.695658410065     94.437213443749     39.320938765890     38.695658410065     -0.320273812935     -0.201895011250     -1.065723159036     1
     94.543775328440     39.247464726391     39.382840569033     94.543775328440     39.247464726391     39.382840569033      0.971635753382      0.561998443224      0.084340300484     1
     94.729353994042     38.493985027764     39.260832990901     94.729353994042     38.493985027764     39.260832990901     -0.091511837668      1.575757032481     -0.711207707411     1
     94.555752529613     37.772235553432     38.973531411057     94.555752529613     37.772235553432     38.973531411057      1.165163158902      0.222612768216      1.280467757982     1
     94.471243723584     38.491052139510     38.319196992005     94.471243723584     38.491052139510     38.319196992005     -0.023561324649     -0.089528361330     -0.331478659729     1
     94.767535593692     38.820181099328     37.584314460997     94.767535593692     38.820181099328     37.584314460997      1.133469945073      1.317032309138      1.171234779465     1
     95.083927300198     39.533920864057     37.494180585836     95.083927300198     39.533920864057     37.494180585836     -0.997335373329      0.733016871908     -0.750209325340     1
     95.506177079564     39.246177504047     38.131488618551     95.506177079564     39.246177504047     38.131488618551      0.973150115853     -1.214514658082      0.147091174241     1
     95.546762430301     39.822889874664     38.588493451512     95.546762430301     39.822889874664     38.588493451512     -0.647971891068      0.579794250335      0.991759829991     1
     95.496166045244     40.323264433392     38.025169672936     95.496166045244     40.323264433392     38.025169672936     -0.764778595911     -0.401391928689      0.876688029298     1
     96.022392779904     39.881246348775     37.546794019481     96.022392779904     39.881246348775     37.546794019481     -0.996218302579     -2.339202982687      0.006715104657     1
     96.886076198941     39.871650466772     37.655032469909     96.886076198941     39.871650466772     37.655032469909      0.142420063205      1.806831144345      1.342826921413     1
     97.550859191341     39.985459979073     38.181975544148     97.550859191341     39.985459979073     38.181975544148      0.810671133381     -0.097520122460     -0.789372499725     1
     98.165714229013     40.395338670233     38.732001174326     98.165714229013     40.395338670233     38.732001174326     -0.813481841742      1.438908820285     -0.909294981759     1
     98.635758726135     40.338098463323     39.410691631975     98.635758726135     40.338098463323     39.410691631975     -1.065109595711     -0.653465785998     -2.682385416662     1
     99.037349066008     39.916320340554     40.100916001589     99.037349066008     39.916320340554     40.100916001589     -1.833832388652      0.090062787753     -0.636920011300     1
     99.308845734648     39.541670241823     39.439851480730     99.308845734648     39.541670241823     39.439851480730      0.184615341680     -1.380123398457     -0.502962851103     1
     99.618702827532     40.389805694867     39.403704353683     99.618702827532     40.389805694867     39.403704353683     -0.929549041034      0.740158986019     -0.202607723701     1
    100.000000000000     40.000000000000     40.000000000000    100.000000000000     40.000000000000     40.000000000000      0.000000000000      0.000000000000      0.000000000000     1
    100.718621984521     40.212665292168     40.001447839131    100.718621984521     40.212665292168     40.001447839131      1.020171519566     -0.156209172791      0.278984198622     1
    100.918441108118     39.505193849712     39.521969932876    100.918441108118     39.505193849712     39.521969932876     -0.425566219225      0.054127679971     -0.483112253024     1
    101.606304492323     39.242825316473     39.879152892421    101.606304492323     39.242825316473     39.879152892421     -1.288020303960     -0.516435737865     -1.112287228153     1
    101.883421430518     39.419174369060     39.154552657970    101.883421430518     39.419174369060     39.154552657970      0.823578128760      0.182117241011      1.512605895678     1
    102.440554260920     40.028995211352     38.973355043344    102.440554260920     40.028995211352     38.973355043344     -1.185401318374     -0.500422537814     -0.008618231451     1
    101.990778968932     40.311914924478     39.537408910060    101.990778968932     40.311914924478     39.537408910060     -0.581079240035      0.042107598843      0.126156535524     1
    102.108414023072     40.895055023434     38.922404891797    102.108414023072     40.895055023434     38.922404891797      0.528172836658      0.715217541028      0.520249319492     1
    102.807820305371     40.951344249087     39.265725469621    102.807820305371     40.951344249087     39.265725469621      0.927209685475     -1.513683497585      0.900893083131     1
    103.242406939987     40.545631020770     38.686817803177    103.242406939987     40.545631020770     38.686817803177     -0.905415089166      0.969533205228     -0.881817108659     1
    103.831113486770     40.830385866500     38.913999405926    103.831113486770     40.830385866500     38.913999405926      0.600655447061     -1.438547944511     -0.054931675892     1
    104.337073839127     40.640591297683     39.630101277881    104.337073839127     40.640591297683     39.630101277881      1.837723804767     -0.054642225760     -1.315835073156     1
    103.947463177060     40.016718227454     39.768953838090    103.947463177060     40.016718227454     39.768953838090      0.986350112059     -0.059037030794     -0.451581004054     1
    103.793948333053     39.222563731420     39.773098689130    103.793948333053     39.222563731420     39.773098689130     -0.017248981275      0.597363513528     -0.510021247162     1
    104.253924329142     39.139592099940     40.281500804943    104.253924329142     39.139592099940     40.281500804943      1.574781558472      0.233517867678      0.614257188824     1
    103.694283492033     38.578494742321     40.605980455342    103.694283492033     38.578494742321     40.605980455342     -0.145908711830      0.500930806611     -0.166520424016     1
    103.750321317483     38.528844793754     41.301044811020    103.750321317483     38.528844793754     41.301044811020     -0.690254179832     -0.413931736940     -0.286067778723     1
    104.229574092367     39.160955065701     41.311764264974    104.229574092367     39.160955065701     41.311764264974      0.561994733412      0.105077876588      0.940140945403     1
    104.794667650386     39.741418794789     41.009074208052    104.794667650386     39.741418794789     41.009074208052     -0.053804938948      1.061698997471     -0.319080853236     1
    105.470376612064     40.249531795316     40.894409876996    105.470376612064     40.249531795316     40.894409876996     -0.116825951348     -1.172343099742     -0.827931730800     1
    106.073464773722     40.334997084881     41.278074099124    106.073464773722     40.334997084881     41.278074099124      0.102817311295      0.986345602723      1.114173967564     1
    106.158804927932     40.852966052845     40.613088042599    106.158804927932     40.852966052845     40.613088042599     -1.778547203358     -0.142103251193     -0.416535132035     1
    106.596817359660     40.182221598881     40.389680921625    106.596817359660     40.182221598881     40.389680921625      1.047863988372      1.172325977249     -0.170367106515     1
    106.271984517714     39.739751377410     39.785337295835    106.271984517714     39.739751377410     39.785337295835     -0.318911442434     -1.101911076300      0.493301483095     1
    107.030904819745     39.621609558291     39.640859889013    107.030904819745     39.621609558291     39.640859889013     -0.089346610489     -2.325842820321      1.265017734163     1
    107.826453639901     39.798717601250     39.273834197627    107.826453639901     39.798717601250     39.273834197627      1.436491752364      0.607075335389     -0.179547897256     1
    108.563873065201     39.741177060892     39.397835422196    108.563873065201     39.741177060892     39.397835422196     -0.832498513792     -1.310082917211     -0.874378779953     1
    108.279645064652     40.194163239845     39.983510752612    108.279645064652     40.194163239845     39.983510752612      1.635957086990      0.850229768676      0.186529868184     1
    108.220690886507     39.461765403330     40.184122364736    108.220690886507     39.461765403330     40.184122364736     -0.653067325672      0.747620550569     -0.103168686477     1
    107.797318410397     38.793981635448     39.892181318252    107.797318410397     38.793981635448     39.892181318252      0.686094342151      1.186429820979      0.386252894638     1
    107.774706816280     38.470884415760     40.565461959951    107.774706816280     38.470884415760     40.565461959951     -1.612325938142     -0.262195731564      0.434696057535     1
    107.950254966601     38.160066145120     41.276343446856    107.950254966601     38.160066145120     41.276343446856      0.440025204771     -0.880976835597      0.517874666472     1
    108.184504037720     38.376959365723     42.057536929662    108.184504037720     38.376959365723     42.057536929662      0.021546567796      1.138269841488     -1.075263931154     1
