3000
0 0.4 0.8 1 1.2 1.6 2 3 4 5 6 7 8
1546 1454 4178.11 4443.59 1009.33 977.33 2126.43 2051.68 1038.75 1071.75 2185.21 2258.38
1156 1844 3995.27 3955.49 979.57 947.57 2032.00 1963.27 936.69 969.69 1942.65 2012.84
662 2338 3394.12 3218.83 852.66 820.66 1729.85 1664.26 777.17 810.17 1572.37 1646.46
411 2589 3008.57 2809.90 765.94 733.94 1538.66 1469.91 683.45 716.45 1370.12 1439.78
220 2780 2550.47 2376.29 656.46 624.46 1306.85 1243.62 581.25 614.25 1152.47 1223.82
39 2961 1701.18 1399.44 448.77 416.77 885.05 816.13 338.97 371.97 665.70 733.74
6 2994 930.67 714.82 254.67 222.67 479.00 451.67 163.97 196.97 322.62 392.21
1 2999 392.00 360.85 132.00 100.00 204.00 188.00 72.01 105.01 145.70 215.16
1 2999 536.00 315.27 164.00 132.00 274.00 262.00 60.12 93.12 122.62 192.65
5 2995 120.20 303.84 55.40 23.40 78.60 41.60 57.06 90.06 117.34 186.50
1 2999 157.00 297.63 64.00 32.00 98.00 59.00 55.58 88.58 113.39 184.24
5 2995 257.80 298.09 90.40 58.40 138.00 119.80 55.46 88.46 113.83 184.26
4 2996 133.00 295.72 60.50 28.50 86.00 47.00 54.86 87.86 112.86 182.86
