0.5 0.7 0.75 0.78 0.8 0.82 0.85 0.9 0.95 1.0 1.05 1.1 1.15 1.18 1.2 1.22 1.25 1.3 1.5
7.70 5.45 11.44 9.31 0
7.74 6.97 12.56 9.66 0
7.73 7.09 12.71 9.82 0
7.77 7.24 12.82 9.82 8.64
7.73 7.29 12.88 9.95 8.39
7.74 7.45 12.92 9.93 9.60
7.72 7.48 12.90 10.09 10.52
7.71 7.56 13.06 10.10 10.50
7.74 7.67 13.12 10.27 10.27
7.79 7.71 13.21 10.30 10.34
7.72 7.83 13.29 10.48 10.27
7.75 7.88 13.36 10.60 10.44
7.68 7.85 13.37 10.66 10.25
7.73 7.90 13.44 10.28 10.28
7.82 7.91 13.43 12.07 10.30
7.65 8.01 13.42 11.11 10.18
7.82 7.98 13.45 10.54 10.16
7.73 8.06 13.46 9.40 10.11
7.84 8.19 13.58 0 10.11
