3000
0.5 0.7 0.8 0.9 1.0 1.1 1.2 1.3 1.5
3000 0 294.20 0.00 93.48 61.48 179.83 114.37 0.00 0.00 0.00 0.00
2999 1 502.07 784.00 152.76 120.77 282.06 220.01 195.00 228.00 362.00 422.00
2920 5 769.03 1268.60 228.66 196.66 415.71 353.32 330.40 363.40 609.00 659.60
2853 147 1378.45 1431.40 402.73 370.73 719.29 659.16 384.73 417.73 688.45 742.95
1511 1489 2083.23 2162.14 609.58 577.58 1069.58 1013.65 599.23 632.23 1054.78 1107.36
226 2774 1433.52 1351.26 430.23 398.23 739.34 694.18 375.72 408.72 646.72 704.54
17 2983 920.76 801.59 289.29 257.29 487.24 433.53 220.56 253.56 371.93 429.67
3 2997 465.33 527.43 165.00 133.00 244.33 221.00 142.22 175.22 236.12 291.31
0 3000 329.48 0.00 0.00 0.00 0.00 0.00 86.28 119.28 138.12 191.36